"N" <- 4
"r" <-
c(10, 23, 23, 26)
"n" <-
c(39, 62, 81, 51)
"x1" <-
c(0, 0, 0, 0)
"x2" <-
c(0, 0, 0, 0)
