"N" <- 3
"r" <-
c(1, 2, 3)
"n" <-
c(111, 222, 333)
"x1" <-
c(11, 12, 13)
"x2" <-
c(21, 22, 23)
