"N" <- 3
"n" <-
c(39, 62, 81, 51, 39, 6, 74, 72, 51, 79, 13, 16, 30, 28, 45,
4, 12, 41, 30, 51, 7)
"x1" <-
c(0, 0, 0, 0, 0, 0, 0, 0, 0, 0, 0, 1, 1, 1, 1, 1, 1, 1, 1, 1,
1)
"x2" <-
c(0, 0, 0, 0, 0, 1, 1, 1, 1, 1, 1, 0, 0, 0, 0, 0, 1, 1, 1, 1,
1)
"c" <-
structure(c(NA, 2, 3, 4, 5, 6, 7, 8, 9), .Dim = as.integer(c(3,3)))
"a" <- 1
